19793
28754
8947
30363
16067
22446
22924
10974
4393
30681
30121
3131
12144
18618
17284
13262
7016
10807
7864
18284
2327
29
14212
12169
16010
3982
20977
15328
26981
2637
32125
28900
32292
23089
10711
28948
20058
30871
4047
31565
2919
17949
32271
24071
29147
24506
13371
22424
5776
8567
24139
2722
13218
4638
31249
322
7104
13246
13329
27791
20394
13881
31232
19418
15247
19802
25358
9395
8404
27515
1952
17159
27405
23930
26404
3922
8833
1796
27747
11114
24473
22204
20431
16399
13732
17201
20552
16949
15226
9527
23231
30709
25815
29057
32312
18563
12646
5507
10321
30510
8889
23064
7887
8917
28419
24834
241
32067
8635
14936
29199
19615
20433
9832
20227
4219
29950
27580
28362
15684
7060
910
15122
22000
32113
24707
11132
14270
1941
32663
6948
20147
18769
9970
28766
17579
22567
32408
23584
25807
21637
26528
12345
31801
21528
4621
29520
20348
1402
14255
27709
2401
16081
6816
15612
6994
5951
1460
28854
14194
3234
13453
17823
11678
31503
476
32638
6134
31723
7114
17647
11750
9840
16318
24738
25696
12683
18722
25492
1039
17462
21082
29234
9578
8988
25002
18064
8944
24337
24782
2110
24100
3631
17896
2865
30934
21697
23604
25312
20152
13614
17600
30787
18293
4936
23135
26444
7561
878
10101
19352
10013
16193
13729
11980
429
16501
28923
7884
17459
21423
16911
2426
4290
11163
30078
13570
11125
32127
10094
4306
1597
17110
6465
16660
11036
3347
6505
12549
29349
19376
26910
10611
4285
734
5636
10856
15083
23493
28187
16698
17417
7053
22377
6986
2918
25883
27365
105
13961
1252
32453
3663
15417
27830
30878
21300
20789
9835
9213
30082
21727
16002
9091
10898
25499
10062
23681
29128
9848
31910
18538
29944
29923
6733
4100
10521
31162
27851
25463
20176
32392
29607
14515
18745
4310
30639
1512
7423
28313
21371
12814
29444
3271
6632
18330
1797
27236
515
23124
22094
17804
10253
20057
20032
3890
2023
14488
17781
5017
16731
1011
4192
10972
4806
19724
14008
19803
7122
13644
23492
31860
19622
19261
5622
174
15565
5091
24891
30591
8103
15504
8102
15668
32052
17770
30785
6152
21570
6099
12728
31480
5556
8603
9331
30252
11686
2223
28187
28726
14002
25081
14445
7047
1245
19876
3275
18181
15746
14956
24911
12896
4240
15609
2153
4580
18869
10320
28831
9296
8525
32000
26474
1772
29945
15299
8408
21301
285
16655
27355
23831
29263
8826
19489
23410
10811
23690
2808
20219
21059
17713
19576
32635
10117
25315
17385
11631
7661
31709
14862
29947
283
15377
26565
556
24034
3799
12936
18827
16894
2946
32001
11869
31489
12117
31725
5673
9232
9251
24034
13086
18699
832
15613
2083
13289
31292
1004
30529
17015
20456
25516
30833
27689
26443
29023
11280
15987
2788
2259
30361
20259
20948
32541
753
18518
3227
6295
23847
17291
20444
29386
6528
8891
14869
7186
15618
11260
6906
6261
28984
25818
27222
28790
18938
30873
23555
23491
2045
13366
17754
29206
31755
26746
16453
18781
13975
8054
14579
27816
31670
18056
16439
25717
842
5458
24715
8825
32177
17667
20712
2220
5915
18609
26696
27607
10517
27743
29930
9695
6521
10707
17402
23467
30327
14759
2252
6692
22895
9935
2266
10592
12093
19344
4781
22455
19802
25330
9588
30031
16248
23814
618
6924
8427
31105
1483
17823
25385
18675
2578
4987
24547
19581
10811
10982
10473
14329
23823
22101
31104
21692
674
14399
14953
14936
7588
2938
19940
22720
4238
9299
1509
19813
7259
259
30350
12102
8151
26648
31757
5137
11726
24024
25383
20935
7073
2865
27052
20039
13425
24740
14141
24032
20026
15192
8682
11968
16206
26220
1184
25715
32255
15017
6287
28746
1743
29742
5893
9545
28794
6820
31009
17429
30197
12851
766
14904
30865
17883
28479
6122
12709
29909
7543
21119
16357
13878
22348
8488
5190
29170
24912
18304
9898
12565
23208
27724
13629
6568
11671
32169
19309
27658
20350
28280
17559
7532
4844
12291
68
21393
25046
5375
15215
11499
7462
19895
28319
4231
23644
23117
24952
6519
27323
30192
12946
17228
22440
514
8309
5111
3419
1837
9483
2902
9638
3569
741
10466
5005
8321
10269
25994
11695
31539
12080
20307
13781
32572
26852
3733
27243
17121
8073
17130
7306
3234
974
15137
22632
24300
9570
20088
28621
3162
422
1753
7402
8441
5647
19929
26564
16653
21977
21320
15963
24434
24444
9992
1488
5653
1263
31903
20486
9309
18851
13411
1070
21688
11597
8649
24206
7667
20320
9429
3713
25016
910
28623
3579
25273
29128
30296
24816
27031
9834
7323
15403
2729
13224
25424
4049
27008
11480
24675
25477
16529
31816
3431
30800
9705
20057
166
13471
11329
20829
22498
10963
31471
15306
10141
6775
18870
28149
29499
1761
2665
23175
20914
2361
18750
17067
20050
4830
16347
18618
19461
25125
2913
7817
17100
31409
31866
16915
15505
26817
1409
28758
4536
21893
8508
14908
21189
5417
22191
5676
17518
21447
21533
28310
1063
20448
8304
16435
18900
30623
10146
8323
9906
415
26067
12230
28158
9839
6742
7769
31413
27181
29381
21092
30743
963
6323
12689
28340
32345
15674
13695
22990
5697
16887
21498
15560
3331
11470
28798
6258
20344
23612
30021
6726
21997
25057
796
7940
30199
21573
4726
6128
29067
12689
16495
20652
224
19759
23397
6485
9455
1966
5460
23293
7374
288
15138
9882
2686
32703
3367
18317
21409
24482
18021
26356
11792
31592
18766
17137
23906
12790
14700
3246
6099
5245
7687
5894
4650
3871
14764
6622
7995
7229
7320
9619
12668
3227
23221
13333
11895
13831
363
31818
9810
14610
18126
7527
23365
30266
19214
2921
4198
13157
31543
28851
21781
23745
2580
9585
17572
29979
10448
17732
3856
10111
15174
27527
15947
3982
1136
12169
24775
8704
30772
9535
7244
7977
9893
10080
3994
2174
835
27705
12234
9595
23010
23629
6190
28595
29314
20860
16548
19108
30915
19884
7415
14640
12162
12943
11063
3551
32433
12020
18540
15923
26121
10499
29124
11245
15228
30394
7214
333
10067
15838
29182
24012
29139
24946
27352
8534
25713
15240
32241
13841
11324
29341
28088
11321
11786
20760
20760
12156
28041
21800
7381
16045
13988
3982
19565
