2179
8043
6810
4234
874
20145
24265
22531
20780
24014
8392
2621
9530
1479
226
23362
5628
20783
9753
27792
13696
1384
21678
3768
2271
25496
24943
185
2671
32109
3523
18714
8874
6545
6262
1225
17377
25580
3909
18358
5280
26013
11561
27439
21728
182
20836
26106
27119
27577
23372
2612
15648
26838
30426
17644
22834
13538
9714
15230
29313
27159
4720
25265
17903
21134
29942
27536
31376
26237
7288
8713
29208
29232
25220
6471
13316
8137
6226
16847
24459
24759
14480
17756
20547
29431
27114
17531
24980
32269
7771
20967
31965
961
23350
18338
24168
8346
30195
20951
15630
22556
20922
19315
16553
26817
27057
18557
29502
25528
13318
27193
6375
1119
10683
22785
6786
898
32564
32734
28444
25169
22914
26089
12315
26915
3181
16740
17453
21997
11587
8343
19700
30336
1635
17516
17262
10886
14217
2250
28454
2362
3799
30386
9244
9962
26279
23578
29557
13870
5138
1420
15075
230
12864
30078
16082
29941
22126
13680
15192
16575
30912
7368
6105
15203
7628
10605
10621
5304
3298
17957
12371
2313
7965
6831
31554
5265
29483
16800
24244
25269
4571
32766
27136
29955
20331
23198
1947
15855
30095
9533
29695
11079
577
26465
14167
23675
1868
13037
3567
143
30358
18567
27486
6108
26416
9642
1136
5514
7967
22666
3030
7373
28136
13739
3469
21986
9181
19264
5390
5832
12842
11844
2618
23487
16286
32090
28932
19330
15931
13669
30684
17219
19836
13287
223
9835
30056
794
4544
28174
1627
19408
22132
13360
10639
2315
8864
14010
28269
22876
7619
3642
24726
2556
1571
5214
29360
14252
13944
13870
18929
8524
23131
11788
13932
2109
32109
24941
25630
14968
24903
24149
4280
8811
17957
13460
21034
30871
4689
9922
14836
29419
1105
28411
24875
3550
23504
4955
10573
19278
9549
1592
15814
795
5253
3618
8766
8578
6561
12700
22953
28475
7456
8855
29196
16211
3714
26034
272
7879
12730
12596
23880
25060
22353
16325
8258
11105
27482
4847
15695
18744
1817
24921
14610
841
29042
11453
19915
14254
14867
15278
2145
24796
23393
29452
10801
24958
3875
19266
23449
12817
16881
23878
31555
19520
20826
17230
5681
28669
216
18771
21645
7779
20853
10567
26414
26191
10297
20245
16874
24248
28506
24668
11934
27346
7715
1004
1278
9191
21408
9468
4893
1264
28687
11825
699
13302
22790
30800
18258
1323
21603
26813
24799
5063
9720
31675
32625
3236
23539
13922
21363
1688
30223
15455
5817
1174
21373
1390
6731
32131
5008
28313
25845
1497
21803
9006
11914
30462
235
6529
17404
12386
2579
8038
8221
20059
21051
12909
17715
29376
7096
8155
9022
31559
14026
10349
5896
16799
21896
9164
19953
16716
12940
24527
6775
16198
30302
14195
1416
20305
1953
7578
10375
21275
12800
6022
7200
20247
20438
25365
1996
12572
25248
17594
7715
25788
17955
14655
4581
20837
27228
1853
20422
7738
16428
27734
2301
22447
17600
25145
23179
21223
22466
14163
7500
27341
18497
30550
10943
29428
17505
24427
8853
31791
6082
23094
31995
18160
25777
16269
30119
32609
17425
21496
7076
8004
30727
17384
4574
4491
7528
5816
19565
29622
2020
21860
22177
4337
13551
24844
28114
29417
371
13607
31972
9330
3639
4486
17564
474
32525
18447
15526
13066
190
10807
31074
11106
16822
21052
8818
19282
18800
17448
17924
32697
23199
8838
5344
31486
19489
29409
21297
25583
1189
11776
2579
5724
1302
6116
17888
20850
11726
7038
27962
28633
10876
9776
31960
1421
12497
16138
13330
32637
32237
21953
32298
8421
16013
1390
9312
31340
19953
18189
5300
14077
30606
20400
18809
23141
10104
5766
7582
19889
13710
16015
6588
21829
14179
24605
1503
19645
1263
28170
19476
17540
23546
12987
30647
23861
20036
8407
23929
31924
26229
29639
14387
14603
12231
23534
18030
5382
3189
12965
13486
27279
1763
29181
24707
7879
2442
27700
16461
31720
10665
32499
31698
19677
28845
15949
385
5790
20573
21368
9347
2893
11717
2889
3975
4882
12008
20593
6218
1719
14117
3450
16361
30722
15973
12927
27622
9174
28426
23214
9212
27144
13975
19839
24739
26370
13599
22449
13921
2842
14191
14345
27095
19376
10235
7114
14471
18954
8841
26355
25190
3055
5791
17467
16421
8709
9389
14541
29247
22507
8699
14275
29891
18965
28497
29028
9183
32107
3688
23070
32048
21665
8723
9538
10699
32596
17709
12162
7435
16106
25665
5418
21529
7462
1532
28705
572
28813
11859
31135
13798
19068
18548
2987
17018
11014
17262
15964
31454
5775
19871
7372
2245
26922
23265
11738
27833
946
24948
19624
29419
11946
31145
3280
10427
20181
19540
9828
7941
18325
31727
9644
1329
9988
29838
23199
26873
30676
20103
17437
9977
21735
12253
29426
22520
6829
22641
8331
18168
21057
17639
30070
15359
12867
5209
15259
10148
20851
7358
30780
31576
26386
23064
10670
14970
13561
9313
9429
4121
30582
22579
20064
30086
30441
24122
11210
13729
5923
15706
2060
22753
122
9119
10274
17952
16044
4584
19268
9260
29049
5715
29409
18446
27390
16743
11867
15384
22483
16900
26246
11184
19684
21515
25822
16351
22288
28109
4746
14489
26755
22581
11028
20170
16340
7604
24294
11045
9437
31727
8580
32171
5982
17451
8075
509
19281
22132
6253
31843
3851
9105
6121
31640
30487
24999
19277
27483
27602
24495
28267
17334
29894
9113
3165
24845
24007
16189
4088
20710
4559
2054
24593
8058
18330
7517
882
29183
23553
27095
2202
31155
30232
2845
11576
2984
20742
19615
358
26963
18343
8440
678
1490
32227
17951
27293
21504
17356
83
11665
26939
3706
6085
25764
240
8870
1282
8142
11499
19721
30759
23452
15968
17522
9923
5802
13240
4522
3210
17121
14109
6408
2751
3697
31172
8658
4703
16525
30717
30554
17678
9705
29180
32725
14531
18677
9573
25850
18994
29142
5017
10847
10749
10793
24771
19858
4249
16503
6049
19450
17665
1910
24083
10860
25118
19717
26213
23180
1777
17637
10588
6634
23942
25401
13570
9944
9369
25276
7217
26381
10245
29380
21217
23547
21488
18682
819
240
20152
4822
10041
28398
17820
733
29579
25163
22570
30106
24203
32265
20076
27230
20595
26867
1490
19383
18467
8316
16606
17329
173
7511
